# Created by Octave 3.8.1, Fri Jan 16 10:34:44 2015 ART <paula@paula-ubuntu>
# name: y
# type: int32 matrix
# ndims: 2
 10 1
 0
 1
 2
 3
 4
 5
 6
 7
 8
 9


